lastAccountName: VCDjmineft20
timestamps:
  login: 1471485809322
  logout: 1471467780871
ipAddress: 10.0.0.12
money: '-9975'
logoutlocation:
  world: world
  x: -1521.988899587704
  y: 115.99657407350283
  z: 712.4277429124522
  yaw: 190.58186
  pitch: 14.099777
