lastAccountName: VCDjmineft
timestamps:
  login: 1471321463946
  lastteleport: 1471322102702
  logout: 1471322391509
ipAddress: 10.0.0.12
lastlocation:
  world: world
  x: 1754.1607148685598
  y: 4.5
  z: 193.92923747387763
  yaw: -357.89935
  pitch: 39.75011
afk: false
logoutlocation:
  world: world
  x: 1741.6428201718445
  y: 4.0
  z: 212.6634267097255
  yaw: 299.55038
  pitch: 25.949894
